Miles,Name,Teff,[Fe/H],logg
1,HD 224930,5411,-0.78,4.19
2,HD 225212,4179,0.18,0.85
3,HD 225239,5559,-0.51,3.72
4,HD 00004,6779,0.21,3.87
5,HD 00249,4766,-0.27,2.91
6,HD 00319,8641,-0.35,4.29
7,HD 00400,6190,-0.22,4.15
8,HD 00245,5749,-0.57,4.13
9,HD 00448,4800,0.04,2.63
10,BD+13 0013,5000,-0.75,3.0
11,HD 00886,20454,-0.03,3.79
12,HD 01326B,3679,-1.15,4.92
13,HD 01461,5666,0.19,4.21
14,HD 01918,4888,-0.4,2.44
15,HD 02628,7335,-0.09,3.95
16,HD 02665,4986,-1.96,2.28
17,HD 02796,4837,-2.23,1.78
18,HD 02857,8000,-1.5,2.7
19,HD 03008,4289,-1.87,0.72
20,HD 03369,16005,0.04,3.71
21,HD 03360,20375,-0.04,3.8
22,HD 03567,6094,-1.14,4.18
23,HD 03546,4945,-0.66,2.36
24,HD 03574,4048,0.1,1.13
25,HD 03651,5211,0.21,4.48
26,HD 03795,5345,-0.63,3.72
27,HD 03883,7616,0.68,3.81
28,HD 04307,5773,-0.24,3.97
29,HD 04395,5444,-0.27,3.43
30,HD 04539,25000,0.0,5.4
31,HD 04628,4964,-0.23,4.65
32,HD 04656,3956,-0.09,1.85
33,HD 04744,4638,-0.64,2.35
34,HD 04906,5157,-0.66,3.58
35,HD 05268,4904,-0.57,2.35
36,HD 05384,3964,0.16,1.95
37,HD 05395,4870,-0.4,2.43
38,HD 05780,3943,-0.56,1.75
39,HD 05916,4954,-0.75,2.31
40,HD 06186,4865,-0.35,2.36
41,HD 06203,4565,-0.32,2.28
42,HD 06268,4735,-2.36,1.42
43,HD 06229,5181,-1.14,2.5
44,HD 06474,6781,0.26,0.49
45,HD 06497,4448,0.04,2.75
46,HD 06582,5323,-0.79,4.33
47,HD 06805,4563,0.12,2.61
48,HD 05848,4499,0.14,2.27
49,HD 06834,6482,-0.58,4.22
50,HD 06755,5097,-1.58,2.53
51,HD 06833,4596,-0.7,1.9
52,HD 07106,4701,0.01,2.58
53,HD 07351,3548,-0.23,0.83
54,HD 07374,12247,0.16,4.16
55,HD 07595,4349,-0.57,1.72
56,HD 07672,4939,-0.42,2.78
57,HD 08724,4772,-1.64,1.69
58,HD 08829,7129,-0.17,4.1
59,HD 09138,4078,-0.4,1.94
60,HD 09356,6800,-0.8,4.24
61,HD 09562,5766,0.14,3.89
62,HD 09408,4814,-0.31,2.46
63,HD 09826,6139,0.11,4.06
64,HD 09919,6860,-0.35,4.0
65,HD 10380,4170,-0.16,1.91
66,HD 10307,5875,0.06,4.28
67,HD 10700,5348,-0.46,4.39
68,BD+72 0094,6131,-1.68,4.09
69,HD 10780,5406,0.15,4.63
70,HD 10975,4872,-0.22,2.46
71,HD 11257,7103,-0.27,4.08
72,HD 11397,5526,-0.58,4.24
73,HD 11964,5272,0.05,3.85
74,HD 12014,4371,0.04,0.66
75,HD 12438,4937,-0.73,2.35
76,HD 13043,5823,0.06,4.11
77,BD+29 0366,5666,-0.95,4.25
78,HD 13267,15500,-0.1,2.57
79,HD 13555,6515,-0.16,4.07
80,HD 13520,4043,-0.16,1.66
81,BD-01 0306,5723,-0.89,4.28
82,HD 13783,5516,-0.49,4.37
83,HD 14221,6619,-0.17,4.07
84,HD 14802,5777,-0.07,3.89
85,HD 14829,8750,-1.57,3.15
86,HD 14938,6275,-0.25,4.22
87,HD 15596,4859,-0.63,2.77
88,HD 15798,6527,-0.12,4.07
89,HD 16031,6039,-1.63,4.09
90,HD 16234,6225,-0.19,4.18
91,HD 16232,6314,0.11,4.29
92,HD 16673,6260,0.0,4.3
93,HD 16784,5782,-0.68,4.08
94,BD+46 0610,5889,-0.86,4.13
95,G 004-036,6073,-1.66,4.2
96,HD 16901,5729,0.03,0.95
97,HD 17081,12722,0.28,4.2
98,HD 17361,4662,0.06,2.61
99,HD 17491,3200,-0.08,0.6
100,HD 17382,5339,0.17,4.64
101,HD 17548,6013,-0.53,4.2
102,HD 17378,8477,0.0,1.25
103,HD 18191,3250,-0.24,0.3
104,HD 18391,5750,-0.13,1.2
105,HD 18907,5069,-0.65,3.43
106,HD 19445,5900,-2.07,4.2
107,HD 19510,6108,-2.13,3.91
108,HD 19373,5947,0.11,4.15
109,HD 19994,6051,0.16,4.02
110,HD 20041,11509,0.23,2.01
111,HD 20512,5267,-0.13,3.81
112,HD 20619,5710,-0.18,4.47
113,HD 20630,5733,0.12,4.45
114,HD 20893,4383,0.14,2.29
115,BD+43 0699,4732,-0.33,4.68
116,HD 21017,4443,0.12,2.74
117,HD 21197,4363,0.14,4.5
118,HD 21581,5031,-1.51,2.45
119,BD+66 0268,5300,-2.0,4.2
120,HD 22049,5115,0.05,4.72
121,HD 22484,5987,-0.05,4.07
122,HD 21910,4822,-0.42,2.44
123,HD 22879,5870,-0.8,4.23
124,HD 23249,5020,0.08,3.73
125,HD 23261,5165,0.24,4.56
126,HD 23194,8031,-0.17,4.0
127,HD 23439A,5181,-0.9,4.47
128,HD 23439B,4838,-0.91,4.61
129,HD 23607,7586,-0.03,3.97
130,HD 23841,4341,-0.53,2.1
131,HD 23924,7776,0.07,3.94
132,HD 24616,5014,-0.71,3.16
133,HD 24341,5405,-0.62,3.71
134,HD 24421,6168,-0.29,4.2
135,HD 24451,4427,-0.09,4.63
136,HD 25329,4982,-1.48,4.65
137,HD 25532,5600,-1.35,2.5
138,HD 25673,5112,-0.4,4.54
139,HD 26297,4479,-1.78,1.05
140,HD 281679,8542,-1.43,2.5
141,HD 26322,7008,0.13,3.94
142,BD+06 0648,4522,-2.03,1.09
143,HD 284248,6113,-1.55,4.14
144,BD-06 0855,5442,-0.69,4.6
145,HD 26965,5114,-0.26,4.41
146,HD 285690,4907,0.21,4.63
147,HD 27126,5425,-0.38,4.14
148,HD 27295,11034,-0.11,3.99
149,HD 27371,4995,0.15,2.76
150,HD 27771,5285,0.27,4.59
151,HD 27819,7871,-0.06,3.89
152,HD 28305,4964,0.2,2.72
153,HD 285773,5348,0.25,4.56
154,HD 28946,5314,-0.1,4.55
155,HD 28978,8864,-0.26,3.42
156,HD 29065,4062,-0.22,1.76
157,HD 29139,3870,-0.04,1.66
158,BD+50 1021,5081,-0.65,4.48
159,BD+45 0983,5155,-0.22,4.45
160,HD 30743,6484,-0.34,4.16
161,HD 30504,4056,-0.33,1.79
162,HD 30649,5791,-0.48,4.21
163,HD 31128,5949,-1.45,4.18
164,HD 30959,3465,-0.03,0.76
165,HD 30834,4219,-0.24,1.59
166,HD 31295,8822,-0.73,4.11
167,HD 31767,4370,0.01,1.49
168,HD 32147,4602,0.18,4.53
169,HD 32655,7114,0.23,3.47
170,HD 33256,6477,-0.27,4.15
171,HD 33276,7223,0.22,3.8
172,HD 293857,5628,0.1,4.38
173,HD 33608,6461,0.21,4.03
174,HD 34538,4870,-0.36,2.96
175,MS 0515.4-0710,5241,0.12,4.45
176,HD 34411,5842,0.08,4.16
177,HD 35155,3575,-0.34,0.77
178,HD 35179,4926,-0.62,2.28
179,HD 35369,4915,-0.24,2.49
180,HD 35296,6171,0.01,4.31
181,HD 35620,4198,0.15,1.92
182,HD 36003,4345,-0.15,4.59
183,HD 36395,3670,0.0,4.7
184,HD 37160,4810,-0.57,2.74
185,HD 37792,6509,-0.54,4.17
186,HD 37536,3780,0.13,0.52
187,HD 37828,4523,-1.36,1.33
188,HD 37394,5279,0.2,4.6
189,HD 37984,4484,-0.41,2.21
190,HD 38392,4869,0.01,4.66
191,HD 38393,6316,-0.09,4.23
192,HD 38007,5705,-0.31,3.98
193,HD 38545,8673,-0.48,3.68
194,HD 38751,4853,0.18,2.74
195,HD 38656,4943,-0.15,2.55
196,HD 39364,4706,-0.65,2.44
197,HD 39853,3883,-0.41,1.6
198,HD 39833,5869,0.18,4.39
199,HD 39801,3633,0.01,0.4
200,HD 39970,12006,0.19,2.13
201,HD 40657,4300,-0.57,1.83
202,HD 250792,5554,-1.01,4.33
203,HD 41312,4085,-0.6,1.82
204,HD 41117,20000,-0.12,2.4
205,HD 251611,5382,-1.44,3.4
206,HD 41692,14800,-0.01,3.3
207,HD 41636,4711,-0.26,2.48
208,HD 42182,5041,0.13,4.63
209,HD 41597,4632,-0.5,2.01
210,HD 42474,3702,-0.12,0.72
211,HD 42543,3684,0.17,0.52
212,HD 43042,6480,0.06,4.18
213,HD 43318,6330,-0.07,4.04
214,BD+37 1458,5450,-2.12,3.38
215,HD 43380,4563,0.01,2.53
216,HD 44007,4987,-1.53,2.33
217,HD 43378,9284,-0.27,4.05
218,HD 43947,5983,-0.27,4.28
219,HD 44030,4054,-0.36,1.81
220,HD 44889,4022,-0.16,1.44
221,HD 44691,7777,0.27,3.88
222,HD 45282,5309,-1.42,3.19
223,HD 45829,4637,0.08,0.77
224,HD 46341,5835,-0.66,4.28
225,HD 47205,4784,0.21,3.22
226,HD 46703,6250,-1.5,1.0
227,HD 47914,3970,0.1,2.04
228,HD 48329,4625,0.12,0.92
229,HD 48433,4510,-0.16,2.1
230,BD+15 1305,4901,0.11,4.66
231,HD 48565,6030,-0.63,3.94
232,HD 48682,6088,0.11,4.28
233,HD 49161,4191,0.22,1.91
234,HD 49331,3650,0.17,0.45
235,HD 49933,6647,-0.45,4.19
236,HD 50778,4035,-0.29,1.86
237,HD 50420,7319,0.11,3.75
238,HD 51440,4317,-0.56,1.68
239,HD 52005,4116,0.13,0.78
240,HD 52973,5657,0.09,1.12
241,HD 53927,4911,-0.28,4.71
242,HD 54605,7035,0.24,0.69
243,BD+37 1665,5128,-0.65,3.5
244,HD 54810,4757,-0.3,2.61
245,HD 54719,4437,0.17,2.17
246,HD 55496,4858,-1.48,2.05
247,HD 55693,5773,0.25,4.16
248,HD 55575,5811,-0.38,4.19
249,HD 56274,5769,-0.53,4.4
250,HD 56577,3944,0.14,0.72
251,HD 57060,33215,-0.03,3.28
252,HD 57061,34303,0.1,3.46
253,HD 57264,4642,-0.34,2.49
254,HD 58207,4825,-0.11,2.57
255,HD 58551,6306,-0.42,4.27
256,HD 59612,8409,-0.05,1.56
257,HD 59374,5873,-0.82,4.21
258,BD+24 1676,6230,-2.55,3.81
259,HD 59984,5973,-0.68,4.07
260,HD 59881,7623,0.15,3.64
261,HD 60219,6743,0.21,2.77
262,HD 60179,9550,-0.13,3.83
263,LHS 1930,5420,-1.11,4.33
264,HD 60522,3846,0.04,1.69
265,HD 61064,6646,0.27,3.69
266,BD-01 1792,5131,-0.81,3.38
267,HD 61606,4890,0.05,4.67
268,HD 61772,4118,0.05,1.41
269,HD 61603,3983,0.22,1.41
270,HD 61935,4838,-0.03,2.61
271,HD 61913,3478,0.09,0.71
272,BD+00 2058A,6096,-1.22,4.17
273,HD 62345,5029,-0.01,2.61
274,HD 62301,5933,-0.62,4.12
275,HD 62721,3939,-0.25,1.94
276,HD 63302,4310,0.07,0.47
277,HD 63352,4175,-0.44,1.82
278,BD-18 2065,4915,-0.68,2.36
279,HD 64332,3399,-0.04,0.61
280,HD 64090,5405,-1.65,4.19
281,HD 63791,4866,-1.55,2.03
282,HD 64606,5302,-0.76,4.42
283,HD 64488,8837,-0.36,3.65
284,HD 65228,5861,0.06,1.24
285,HD 65583,5281,-0.65,4.33
286,HD 65714,4983,0.18,2.5
287,HD 65953,4014,-0.21,1.81
288,HD 65900,9235,-0.16,3.69
289,HD 66141,4312,-0.36,2.11
290,HD 66573,5680,-0.58,4.26
291,HD 67523,6810,0.6,3.59
292,HD 67228,5732,0.12,3.84
293,BD+80 0245,5509,-1.85,3.74
294,HD 68284,5945,-0.52,3.97
295,HD 69267,4087,-0.07,1.45
296,HD 69611,5773,-0.58,4.09
297,HD 69830,5412,0.04,4.49
298,HD 233511,6005,-1.52,4.13
299,HD 69897,6328,-0.23,4.18
300,HD 70272,3946,0.03,1.5
301,HD 71030,6541,-0.15,4.03
302,HD 72184,4654,0.2,2.98
303,HD 72324,4881,0.0,2.43
304,HD 72660,9290,-0.2,3.39
305,HD 73471,4551,0.13,2.21
306,HD 72905,5919,0.01,4.47
307,HD 73898,4912,-0.56,2.3
308,HD 73665,5024,0.21,2.7
309,HD 73394,4552,-1.53,1.29
310,HD 74000,6178,-1.85,4.03
311,HD 73593,4842,-0.16,2.88
312,HD 74011,5795,-0.56,4.08
313,HD 74395,5546,0.09,1.41
314,BD+25 1981,6668,-1.2,4.28
315,HD 74442,4722,0.0,2.57
316,HD 74377,4674,-0.37,4.47
317,HD 74721,8900,-1.32,3.38
318,BD-12 2669,6800,-1.5,4.1
319,HD 74462,4773,-1.37,1.82
320,HD 75318,5432,-0.13,4.48
321,HD 75691,4330,-0.05,2.21
322,HD 75732,5260,0.43,4.35
323,HD 76151,5748,0.15,4.42
324,HD 76292,6958,0.16,3.88
325,HD 76932,5908,-0.82,4.09
326,HD 76780,5704,0.18,4.28
327,BD-05 2678,5492,-2.02,3.85
328,HD 76910,6397,-0.51,4.23
329,BD-03 2525,5869,-1.6,4.09
330,HD 76813,5065,-0.06,2.63
331,HD 77338,5300,0.36,4.3
332,HD 77236,4387,-0.75,1.83
333,HD 78541,3931,-0.22,1.41
334,HD 78234,6976,-0.06,4.04
335,HD 78558,5651,-0.45,4.06
336,HD 78209,7519,0.55,3.77
337,HD 78737,6550,-0.46,4.19
338,HD 78732,4939,-0.07,2.27
339,HD 79211,3849,-0.64,4.67
340,HD 79452,4982,-0.79,2.31
341,HD 79765,7146,-0.26,4.11
342,HD 79633,7223,-0.26,4.06
343,HD 80390,3205,-0.17,0.61
344,HD 81009,8829,0.84,3.79
345,HD 81029,6714,-0.08,4.14
346,HD 81192,4790,-0.72,2.56
347,HD 81797,4171,0.08,1.56
348,BD+09 2190,6270,-2.86,4.11
349,HD 82074,5090,-0.43,3.21
350,HD 82590,6669,-0.81,4.22
351,HD 82734,4946,0.22,2.6
352,HD 82210,5445,-0.1,3.64
353,HD 82885,5520,0.4,4.41
354,HD 83212,4466,-1.65,0.96
355,HD 81817,4198,0.21,1.35
356,HD 83425,4189,-0.3,2.09
357,HD 83618,4275,-0.07,1.96
358,HD 83632,4171,-0.75,1.32
359,HD 233666,5161,-1.62,2.42
360,HD 83506,4920,0.14,2.39
361,HD 84441,5398,-0.06,2.02
362,HD 84737,5872,0.12,4.05
363,HD 84937,6211,-2.05,4.0
364,HD 85235,8769,-0.23,3.69
365,HD 237846,4675,-3.15,1.2
366,HD 85503,4466,0.31,2.65
367,HD 85773,4250,-2.4,0.6
368,HD 86986,8000,-1.7,2.55
369,HD 87141,6359,0.09,3.9
370,HD 87140,5092,-1.7,2.48
371,HD 87737,10958,0.11,2.11
372,HD 87822,6573,0.1,4.06
373,HD 88230,3960,-0.05,4.55
374,HD 88446,5848,-0.51,3.89
375,HD 88725,5647,-0.64,4.24
376,HD 88609,4535,-2.8,1.2
377,HD 88737,6106,0.2,3.89
378,HD 88986,5766,0.04,4.04
379,HD 89010,5642,0.0,3.8
380,HD 89254,7166,0.31,3.83
381,HD 89449,6467,0.11,4.11
382,HD 89484,4426,-0.38,1.84
383,HD 89707,5937,-0.47,4.25
384,HD 89744,6169,0.18,3.93
385,HD 89995,6472,-0.24,4.08
386,HD 89822,10182,0.07,3.85
387,HD 90508,5776,-0.3,4.31
388,HD 237903,4076,-0.26,4.7
389,HD 91347,5887,-0.44,4.26
390,HD 91889,6109,-0.21,4.16
391,HD 92523,4135,-0.29,1.77
392,HD 93329,8400,-1.2,3.1
393,HD 93487,5215,-1.06,2.41
394,HD 94028,6076,-1.3,4.23
395,BD-10 3166,5329,0.42,4.38
396,HD 95128,5852,0.02,4.24
397,HD 95578,3864,0.07,1.25
398,HD 95735,3550,-0.4,4.82
399,BD+44 2051A,3600,-0.45,4.9
400,HD 96360,3340,-0.02,0.79
401,BD+36 2165,6144,-1.45,4.18
402,HD 97560,5328,-1.04,2.69
403,HD 97633,9201,-0.16,3.68
404,HD 97907,4310,-0.12,2.09
405,HD 97916,6478,-0.73,4.28
406,HD 97855,6416,-0.39,4.18
407,HD 98468,4528,-0.36,2.06
408,HD 98553,5832,-0.44,4.27
409,HD 99109,5242,0.4,4.29
410,HD 233832,4970,-0.59,4.49
411,HD 99648,4977,-0.03,2.24
412,HD 99747,6738,-0.46,4.19
413,HD 99998,4001,-0.24,1.56
414,HD 100906,5042,-0.46,2.31
415,HD 101227,5534,-0.32,4.52
416,HD 101501,5535,0.03,4.52
417,HD 101606,6362,-0.57,4.13
418,HD 102224,4477,-0.33,2.06
419,BD+51 1696,5656,-1.3,4.28
420,HD 102328,4407,0.32,2.66
421,HD 102634,6281,0.22,4.15
422,HD 102870,6081,0.14,4.07
423,HD 103095,5165,-1.21,4.74
424,HD 103578,8509,-0.19,3.8
425,HD 103877,7170,0.65,3.76
426,HD 103932,4414,0.08,4.55
427,HD 104307,4459,-0.01,2.3
428,HD 104304,5485,0.3,4.23
429,HD 104833,7588,0.49,3.51
430,HD 105262,8500,-1.87,1.5
431,HD 105452,7041,-0.19,4.13
432,HD 105546,5131,-1.46,2.36
433,HD 105740,4798,-0.55,2.74
434,HD 106038,6014,-1.25,4.18
435,CD-28 09374,4995,-0.76,3.11
436,HD 106516,6207,-0.69,4.25
437,HD 107113,6543,-0.42,4.19
438,HD 107213,6209,0.24,4.0
439,BD+17 2473,5283,-1.04,3.37
440,BD+31 2360,4765,-0.7,2.45
441,HD 108177,6278,-1.41,4.19
442,HD 108564,4675,-0.87,4.66
443,HD 108915,5037,-0.1,3.32
444,HD 109443,6758,-0.6,4.17
445,HD 109871,3979,-0.15,1.77
446,HD 109995,8550,-1.66,2.39
447,HD 110014,4494,0.32,2.49
448,HD 110379,6857,-0.19,4.17
449,HD 110897,5851,-0.53,4.28
450,HD 110885,5545,-1.06,2.99
451,HD 112028,9443,-0.39,2.88
452,HD 111631,3877,-0.26,4.59
453,HD 111786,8080,-1.5,3.88
454,HD 111980,5876,-1.02,4.04
455,HD 112127,4428,0.29,2.55
456,HD 112413,12303,0.9,4.09
457,HD 113092,4273,-0.69,1.43
458,HD 113022,6491,0.11,4.09
460,HD 114038,4607,0.04,2.38
461,HD 114330,9570,-0.13,3.95
462,HD 114606,5584,-0.53,4.15
463,HD 114710,5994,0.05,4.35
464,HD 114642,6491,-0.04,4.04
465,HD 114946,4999,-0.36,3.12
466,HD 115383,6047,0.17,4.24
467,HD 115589,5227,0.28,4.39
468,HD 115617,5539,0.02,4.35
469,HD 115659,5104,0.04,2.64
470,HD 116114,8226,0.67,4.1
471,HD 116316,6487,-0.51,4.26
472,HD 116544,4451,0.22,3.18
473,HD 117200,6843,0.03,4.02
474,HD 117176,5467,-0.1,3.86
475,HD 117635,5175,-0.42,4.48
476,HD 117876,4745,-0.44,2.36
477,HD 118055,4384,-1.82,0.86
478,HD 118100,4313,-0.16,4.55
479,HD 118244,6391,-0.46,4.19
480,BD+30 2431,13069,0.28,4.12
481,HD 119228,3684,0.0,1.02
482,HD 119288,6595,-0.23,4.18
483,HD 119291,4295,0.02,4.59
484,HD 119667,3711,-0.03,1.16
485,HD 120136,6386,0.24,4.15
486,HD 121130,3448,0.05,0.8
487,HD 120933,3529,-0.09,0.98
488,HD 121370,5967,0.28,3.78
489,HD 121299,4740,0.14,2.64
490,HD 121258,5730,-0.2,4.4
491,BD+34 2476,6200,-2.05,3.96
492,HD 122106,6321,0.16,3.84
493,HD 122563,4600,-2.7,1.3
494,HD 122742,5485,0.03,4.35
495,HD 123299,10371,-0.19,3.95
496,HD 122956,4709,-1.68,1.54
497,HD 123657,3261,-0.02,0.59
498,HD 123821,4900,-0.13,2.28
499,HD 124186,4419,0.3,2.66
500,HD 124292,5398,-0.11,4.35
501,HD 124897,4280,-0.53,1.7
502,HD 124850,6207,-0.06,3.86
503,HD 125184,5536,0.24,3.85
504,HD 125451,6700,0.01,4.12
505,BD+01 2916,4282,-1.89,0.74
506,HD 126141,6699,-0.05,4.14
507,HD 126053,5598,-0.37,4.22
509,HD 126218,5137,0.24,2.7
510,HD 126660,6293,0.02,4.13
511,HD 126614,5399,0.52,4.02
512,HD 126778,4832,-0.52,2.41
513,HD 126681,5577,-1.12,4.25
514,HD 127243,4903,-0.78,2.27
515,HD 127334,5579,0.2,4.1
516,BD+18 2890,5024,-1.54,2.31
517,HD 128167,6777,-0.39,4.18
518,HD 128429,6427,-0.08,4.22
519,HD 128801,10200,-1.4,3.5
520,CD-26 10417,4668,-0.13,4.67
521,HD 128959,5857,-0.51,3.84
522,HD 129174,12052,0.18,3.99
523,HD 130095,8900,-1.7,3.35
524,HD 130322,5391,0.12,4.52
525,HD 130817,6749,-0.29,4.14
526,HD 130705,4430,0.38,2.64
527,HD 130694,4131,-0.58,1.76
528,HD 131430,4311,0.17,2.22
529,HD 132142,5163,-0.37,4.38
530,HD 131918,4154,0.0,1.65
531,HD 131976,3663,-0.97,4.74
532,HD 131977,4507,-0.04,4.59
533,HD 132345,4467,0.39,2.58
534,HD 132475,5823,-1.37,3.93
535,HD 132933,3805,-0.5,1.23
536,HD 133124,4026,0.06,1.88
537,BD+06 2986,3897,-0.83,4.66
538,BD+30 2611,4379,-1.43,1.0
539,HD 134063,4880,-0.69,2.31
540,HD 134083,6573,-0.01,4.17
541,HD 134169,5807,-0.81,3.99
542,HD 134440,5011,-1.21,4.77
543,HD 134439,5172,-1.27,4.68
544,HD 134987,5623,0.26,4.09
545,HD 136064,6083,0.03,3.94
546,HD 135482,4613,0.01,2.3
547,HD 135722,4850,-0.39,2.39
548,HD 135485,15500,0.5,4.0
549,HD 136726,4212,0.05,1.95
550,HD 136202,6139,0.05,4.0
551,HD 137071,3892,0.09,1.04
552,HD 136834,4880,0.27,4.54
553,HD 137391,7186,0.1,3.93
554,HD 137759,4520,0.12,2.61
555,HD 137471,3794,0.05,1.07
556,HD 137510,5872,0.3,3.9
557,HD 137704,4084,-0.32,1.97
558,HD 137909,8466,0.96,4.06
559,HD 138290,6822,-0.1,4.14
560,HD 138481,3917,0.0,1.15
561,HD 139669,3962,0.18,1.44
562,HD 138776,5524,0.35,3.99
563,HD 138764,14054,0.08,3.88
564,HD 139195,4946,-0.13,2.64
565,HD 139641,4945,-0.51,2.82
566,HD 139446,5065,-0.27,2.65
567,HD 140160,9557,0.35,3.66
568,HD 140283,4250,-2.4,0.6
569,BD+05 3080,5034,-0.44,4.46
570,HD 141004,5823,-0.03,4.1
571,HD 141714,5332,-0.2,3.22
572,HD 141851,8246,-2.0,3.89
573,HD 142373,5783,-0.54,3.93
574,HD 142575,6779,-0.7,4.23
575,HD 142908,7038,-0.02,3.98
576,HD 142860,6309,-0.16,4.18
577,HD 142703,6903,-1.1,4.32
578,HD 143459,10498,-0.39,4.0
579,HD 143761,5752,-0.26,4.13
580,MS 1558.4-2232,4727,-0.14,4.02
581,HD 143807,10727,-0.01,3.84
582,HD 144172,6432,-0.38,4.14
583,HD 144872,4774,-0.25,4.7
584,HD 144585,5767,0.29,4.09
585,HD 144608,5363,0.03,2.62
586,HD 145148,4868,0.1,3.65
587,HD 145675,5270,0.48,4.31
588,HD 145250,4580,-0.25,2.32
589,HD 145976,6927,-0.02,4.08
590,HD 146051,3783,-0.03,1.45
591,HD 147379B,3852,-0.28,4.57
592,HD 146624,9125,-0.27,3.99
593,HD 147923,4773,-0.26,4.69
594,BD-11 4126,4702,0.0,4.62
595,HD 148112,10052,0.47,3.51
596,BD+09 0352,6131,-1.88,4.04
597,HD 148513,4131,0.2,2.15
598,BD+11 2998,5527,-1.01,2.97
599,HD 148816,5828,-0.72,4.05
600,HD 148897,4293,-1.11,1.01
601,HD 150275,4675,-0.6,2.46
602,HD 148786,5144,0.21,2.7
603,HD 149009,3877,0.12,1.23
604,HD 148898,9141,0.38,3.85
605,HD 149121,11099,0.03,3.89
606,HD 149161,3939,-0.17,1.79
607,BD+09 3223,5200,-2.31,2.0
608,HD 149382,35500,-1.3,5.7
609,HD 149661,5281,0.13,4.59
610,HD 150012,6651,0.13,3.96
611,HD 150177,6190,-0.58,4.08
612,HD 150281,5164,0.14,4.54
613,HD 150453,6589,-0.24,4.07
614,HD 151203,3475,0.04,0.91
615,HD 151217,3892,0.06,1.7
616,HD 152601,4713,0.15,2.72
617,HD 152781,4969,0.08,3.55
618,HD 153286,7534,0.49,3.75
619,HD 153882,9999,0.61,3.5
620,HD 154733,4250,0.0,2.31
621,HD 155763,12500,-0.11,3.5
622,HD 155358,5888,-0.63,4.09
623,HD 155078,6508,0.03,4.0
624,HD 156283,4233,0.1,1.56
625,HD 156026,4380,-0.27,4.71
626,HD 157373,6552,-0.43,4.18
627,HD 157214,5621,-0.41,4.05
628,HD 157089,5792,-0.57,4.05
629,HD 157910,5227,-0.07,2.58
630,HD 157881,3962,-0.16,4.56
631,HD 157856,6523,-0.07,4.04
632,HD 157919,6826,0.29,3.61
633,BD+23 3130,5017,-2.45,2.31
634,HD 159332,6298,-0.1,4.01
635,HD 159307,6395,-0.54,4.19
636,HD 159482,5740,-0.75,4.11
637,HD 160933,5770,-0.31,3.79
638,HD 160762,17678,0.02,3.69
639,HD 160693,5691,-0.56,4.07
640,HD 161074,3982,-0.08,2.04
641,HD 161149,7015,0.33,3.7
642,HD 161096,4594,0.27,2.72
643,HD 161796,7000,-0.3,0.44
644,HD 161227,7320,0.38,3.72
645,HD 161695,11506,0.11,2.23
646,HD 161797,5454,0.22,3.82
647,HD 161817,7200,-1.48,3.05
648,HD 162211,4539,0.04,2.56
649,BD+20 3603,6115,-2.1,4.1
650,HD 164058,3990,0.11,1.64
651,HD 163990,3203,-0.1,0.34
652,HD 163993,5091,0.09,2.87
653,HD 164136,7140,0.0,3.87
654,HD 164349,4623,-0.01,1.76
655,HD 164353,15600,-0.03,2.55
656,HD 164432,21371,-0.02,3.81
657,HD 165195,4401,-2.19,0.86
658,HD 164975,5863,0.06,1.22
659,HD 165341,5349,0.16,4.58
660,HD 165438,4868,0.02,3.43
661,HD 165908,6045,-0.5,4.19
662,HD 166208,5107,0.15,2.73
663,HD 165634,4907,-0.14,2.31
664,HD 166620,4968,-0.18,4.55
665,HD 166161,5201,-1.25,2.33
666,HD 166285,6389,-0.06,4.1
667,HD 166460,4540,0.05,2.29
668,HD 167105,9000,-1.5,2.36
669,HD 167006,3535,-0.08,0.99
670,HD 167768,4953,-0.69,2.29
671,HD 169027,11030,-0.08,3.89
672,HD 168322,4780,-0.45,2.39
673,HD 167665,6125,-0.16,4.15
674,HD 168720,3797,-0.05,1.57
675,HD 168723,4923,-0.22,3.0
676,HD 168608,5580,0.03,1.0
677,HD 170693,4447,-0.37,2.19
678,HD 169985,6249,0.36,3.84
679,HD 170737,5093,-0.77,3.36
680,HD 234677,4226,-0.07,4.3
681,HD 171391,5150,0.04,2.89
682,HD 171443,4263,0.01,2.21
683,HD 171496,4978,-0.69,2.29
684,HD 171999,5276,0.27,4.35
685,HD 172380,3228,-0.24,0.56
686,HD 172103,6815,0.03,4.01
687,HD 172365,5886,0.05,1.28
688,HD 172958,11464,0.02,3.97
689,HD 173524,11323,0.1,3.93
690,HD 173740,3419,-1.09,4.76
691,HD 172816,3196,-0.34,0.6
692,HD 173093,6373,0.0,4.11
693,HD 173648,7914,0.38,3.7
694,HD 173650,11832,0.64,3.71
695,HD 173667,6458,0.01,4.04
696,HD 175305,5036,-1.44,2.51
697,HD 173819,4278,-0.86,0.25
698,HD 174567,10256,-0.07,3.95
699,HD 174912,5936,-0.45,4.34
700,HD 175225,5286,0.2,3.7
701,HD 174959,18073,0.29,3.41
702,HD 174704,7193,0.79,3.63
703,HD 175535,5197,-0.07,2.85
704,HD 175588,3382,-0.06,0.55
705,HD 175865,3181,-0.29,0.47
706,HD 175640,12077,0.17,3.94
707,HD 178089,6722,-0.09,4.07
708,HD 175892,8705,-0.29,4.11
709,HD 176301,12667,0.18,4.18
710,HD 176232,8743,0.53,4.47
711,HD 176437,11226,0.09,4.11
712,HD 177463,4660,-0.19,2.35
713,HD 180711,4837,-0.18,2.49
714,HD 179761,12746,0.3,4.22
715,HD 180163,18663,0.04,3.69
716,HD 181096,6347,-0.17,4.03
717,HD 180928,4069,-0.53,1.94
718,HD 181470,9802,-0.13,3.91
719,HD 182293,4457,0.04,2.85
720,HD 187216,3950,-1.7,0.75
721,HD 182572,5473,0.34,3.91
722,HD 183324,10325,-1.24,4.17
723,CD-24 15398,6269,-1.17,2.93
724,HD 185144,5293,-0.12,4.56
725,HD 338529,6178,-2.09,3.95
726,HD 184499,5743,-0.54,4.07
727,HD 184786,3306,0.01,0.6
728,HD 184406,4451,0.09,2.83
729,HD 185351,5045,0.08,3.27
730,HD 185657,4868,-0.16,2.61
731,HD 232078,4014,-1.22,0.81
732,HD 185859,26200,-0.09,3.05
733,HD 186408,5731,0.08,4.15
734,HD 186427,5648,0.03,4.18
735,HD 188119,4904,-0.49,2.34
736,HD 187111,4455,-1.67,1.05
737,HD 187879,21004,0.05,3.14
738,HD 187691,6099,0.14,4.12
739,HD 187921,5502,0.1,0.68
740,HD 188041,9506,1.0,3.91
741,HD 188650,5184,-0.81,2.01
742,HD 188510,5539,-1.43,4.28
743,HD 188512,5082,-0.22,3.48
744,HD 188727,6240,0.13,1.0
745,HD 188947,4828,0.06,2.62
746,HD 189005,5080,-0.26,2.32
747,HD 189558,5770,-1.04,3.92
748,HD 189849,7804,-0.01,3.89
749,HD 190360,5468,0.21,4.11
750,HD 190404,5008,-0.58,4.51
751,HD 190603,19500,0.07,2.36
752,HD 190178,6263,-0.66,4.05
753,HD 190390,6440,-1.05,1.55
754,HD 191026,5177,0.08,3.81
755,HD 191046,4452,-0.68,1.65
756,HD 192907,10444,-0.18,3.97
757,HD 345957,5988,-1.2,4.06
758,HD 192577,4186,0.03,1.23
759,HD 192640,8774,-0.8,4.42
760,HD 192909,3978,0.06,1.03
761,HD 193281,8597,-0.37,4.11
762,HD 194598,6090,-1.04,4.24
763,HD 194943,6971,-0.01,4.04
764,HD 196502,9417,0.74,3.58
765,HD 195633,6119,-0.52,4.09
766,HD 195838,6152,0.0,4.08
767,HD 196544,8678,-0.12,3.8
768,HD 196755,5582,-0.02,3.64
769,HD 197177,4964,-0.03,1.92
770,HD 197572,5188,0.15,0.83
771,HD 197461,7334,-0.07,4.02
772,HD 198149,4970,-0.19,3.29
773,HD 197989,4748,-0.17,2.52
774,HD 197964,4762,0.15,2.93
775,HD 198183,15630,0.05,3.81
776,HD 198001,9266,-0.32,4.0
777,BD+04 4551,6089,-1.26,4.21
778,HD 198478,16500,-0.21,2.17
779,HD 199191,4779,-0.63,2.66
781,HD 199799,3251,-0.11,0.41
782,HD 200527,3386,0.01,0.67
783,HD 200580,6003,-0.5,4.34
784,HD 200905,4031,0.15,0.89
785,HD 200779,4214,-0.01,4.61
786,HD 200790,6115,0.02,3.98
787,HD 201078,6151,0.09,1.85
788,HD 201091,4242,-0.38,4.7
789,HD 201601,8790,0.78,4.49
790,HD 201891,5881,-1.05,4.18
791,HD 201889,5762,-0.74,4.13
792,HD 202109,4925,-0.23,2.39
793,HD 202447,6277,0.26,4.01
794,HD 202671,14353,0.36,3.25
795,HD 203638,4613,0.17,2.61
796,HD 204041,8737,-0.44,4.45
797,HD 204075,5397,-0.14,1.48
798,HD 204155,5718,-0.69,3.93
799,HD 204613,5718,-0.38,3.88
800,HD 205021,25500,-0.1,3.7
801,HD 204381,5081,-0.09,2.76
802,HD 204754,12610,0.3,4.2
803,HD 204543,4617,-1.76,1.31
804,HD 204587,4065,-0.21,4.6
805,HD 205435,5069,-0.12,2.86
806,HD 205153,6005,0.07,4.02
807,HD 205512,4732,0.03,2.6
808,HD 206078,4809,-0.53,2.63
809,HD 206165,19300,-0.27,2.65
810,HD 206952,4701,0.21,2.7
811,HD 206453,5026,-0.41,2.34
812,HD 207130,4783,0.12,2.69
813,HD 206826,6490,-0.11,4.09
814,HD 206778,4238,0.11,0.84
815,HD 207260,9911,0.27,1.57
817,HD 207330,20815,0.04,3.69
818,HD 207222,9230,-0.36,4.01
819,HD 207673,10482,0.16,1.87
820,HD 208501,16477,0.05,2.8
821,HD 208906,6048,-0.68,4.27
822,HD 209369,6632,-0.04,4.06
823,HD 209459,11015,-0.07,3.99
824,HD 209975,32983,0.06,3.4
825,HD 210295,4898,-1.23,2.29
826,HD 210424,12771,0.22,4.21
827,HD 210745,4340,0.12,0.88
828,HD 210595,6639,-0.47,4.11
829,HD 210705,6939,-0.18,4.16
830,HD 211075,4364,-0.31,1.96
831,HD 212454,14466,0.35,3.33
832,HD 212943,4676,-0.24,2.75
833,HD 213119,3936,-0.07,1.51
834,HD 213307,7800,0.2,2.0
835,HD 213042,4514,0.16,4.51
836,HD 213470,8943,0.11,1.36
837,HD 214080,23445,0.04,3.28
839,HD 214567,4997,-0.23,2.62
840,HD 214714,5224,-0.67,2.03
841,HD 214994,9373,-0.14,3.73
842,BD+39 4926,7261,-2.52,0.85
843,HD 215648,6243,-0.21,4.03
844,HD 216228,4780,0.01,2.54
845,HD 216174,4385,-0.5,1.87
846,HD 216131,4999,-0.07,2.7
847,HD 216143,4693,-1.96,1.48
848,HD 216219,5637,-0.36,3.1
849,HD 216385,6323,-0.15,4.06
850,HD 217382,4126,0.11,2.06
851,HD 216640,4650,0.2,3.19
852,HD 216831,13207,0.05,3.05
853,HD 216916,21500,-0.12,3.75
854,HD 217014,5674,0.18,4.14
855,HD 217107,5523,0.33,4.11
856,HD 217754,7089,0.27,3.8
857,HD 218031,4743,-0.16,2.46
858,HD 218235,6463,0.23,4.06
859,HD 218329,3796,0.17,1.63
860,HD 218502,6167,-1.75,4.11
861,HD 218640,5799,0.36,3.26
862,HD 218804,6493,-0.13,4.17
863,HD 218857,5057,-1.93,2.43
864,HD 219134,4715,0.06,4.57
865,HD 219116,4790,-0.79,1.79
866,BD+38 4955,5270,-2.23,3.5
867,HD 219449,4696,0.03,2.59
868,HD 219623,6138,0.07,4.24
869,HD 219617,5941,-1.36,4.12
870,HD 219615,4890,-0.57,2.42
871,HD 219734,3616,0.04,1.0
872,HD 219916,5070,-0.04,2.84
873,HD 219978,3951,0.22,0.57
874,HD 220009,4314,-0.71,1.81
875,HD 220575,12241,0.27,4.09
876,BD+59 2723,5987,-1.89,3.98
877,HD 220825,10228,0.78,3.71
878,HD 220933,10515,-0.06,3.72
879,HD 220954,4731,0.07,2.61
880,HD 221170,4557,-2.05,1.15
881,HD 221148,4653,0.36,3.32
882,HD 221345,4685,-0.29,2.41
883,HD 221377,6553,-0.6,4.2
884,BD+19 5116B,3200,0.09,5.06
885,HD 221756,8833,-0.64,4.21
886,HD 221830,5719,-0.4,4.09
887,HD 222404,4782,0.11,3.25
888,HD 222368,6231,-0.08,4.14
889,HD 222451,6698,0.1,4.07
891,HD 223047,5002,0.04,1.26
892,HD 223385,10023,0.29,1.59
893,HD 223524,4611,0.08,2.59
894,HD 223640,12429,0.73,3.93
895,HD 224458,4819,-0.44,2.29
896,BD+61 2575,6973,0.15,0.86
897,NGC 288 77,4320,-1.07,1.23
898,HD 020902,6690,-0.05,1.31
899,Mel 22 0296,5196,-0.03,4.25
900,Mel 22 2462,5219,-0.03,4.47
901,HD 025825,6005,0.13,4.38
902,HD 026736,5772,0.13,4.39
903,HD 284253,5283,0.13,4.47
904,HD 027383,6091,0.13,4.34
905,HD 027524,6580,0.13,4.14
906,HD 027561,6682,0.13,4.14
907,HD 027962,8809,0.13,3.8
908,HD 028483,6455,0.13,4.25
909,HD 028546,7490,0.13,3.85
910,HD 029375,7240,0.13,3.93
911,HD 030034,7446,0.13,3.91
912,HD 030210,7694,0.13,3.66
913,HD 030676,6104,0.13,4.37
914,HD 031236,7262,0.13,3.93
915,NGC 1904 153,4394,-1.37,1.07
916,NGC 1904 160,4379,-1.37,1.02
917,NGC 1904 223,4253,-1.37,0.86
918,NGC 2420 140,4362,-0.44,1.68
919,NGC 2682 108,4186,-0.09,2.16
920,HD 107276,7969,-0.05,3.99
921,HD 107513,7360,-0.05,3.99
922,HD 109307,8162,-0.05,3.91
923,Cl* NGC 5272 S I-IV-25,4525,-1.34,1.28
924,Cl* NGC 5272 S I-III-28,4374,-1.34,0.99
925,NGC 5272 398,4648,-1.34,1.43
926,Cl* NGC 5904 ARP III-03,4266,-1.11,0.94
927,Cl* NGC 5904 ARP II-51,6115,-1.11,3.84
928,Cl* NGC 5904 ARP II-76,5974,-1.11,2.44
929,Cl* NGC 5904 ARP II-53,9441,-1.11,2.43
930,Cl* NGC 5904 ARP IV-19,4278,-1.11,1.07
931,Cl* NGC 5904 ARP IV-86,5576,-1.11,2.44
932,Cl* NGC 5904 ARP IV-87,5965,-1.11,3.8
933,Cl* NGC 6121 LEE 2303,6748,-1.19,2.51
934,Cl* NGC 6205 SAV A171,4250,-1.39,1.0
935,Cl* NGC 6205 SAV B786,4170,-1.39,0.72
936,NGC 6341 4114,4844,-2.16,1.77
937,NGC 6341 3013,4261,-2.16,0.7
938,HD 170764,5802,0.17,0.99
939,HD 170820,4707,0.17,1.65
940,Cl* NGC 6791 GVZH R4,3228,0.4,0.17
941,Cl* NGC 6791 GVZH R5,3160,0.4,1.0
942,Cl* NGC 6791 GVZH R16,3925,0.4,2.01
943,Cl* NGC 6791 GVZH R19,3961,0.4,2.06
944,Cl* NGC 6838 AH A9,4382,-0.84,1.43
945,NGC 6838 1109,4714,-0.84,2.31
946,NGC 6838 1095,4509,-0.84,1.53
947,NGC 6838 1107,4848,-0.84,2.07
948,NGC 6838 1075,4777,-0.84,2.53
949,NGC 6838 1073,4788,-0.84,2.35
950,Cl* NGC 6838 KC 147,4819,-0.84,2.57
951,NGC 6838 1071,4355,-0.84,1.66
952,Cl* NGC 6838 KC 263,4157,-0.84,1.4
953,NGC 6838 1087,4988,-0.84,2.19
954,NGC 6838 1066,4193,-0.84,1.44
955,NGC 6838 1065,4622,-0.84,2.02
956,NGC 6838 1064,4476,-0.84,1.7
957,NGC 6838 1063,4648,-0.84,1.72
958,NGC 6838 1021,4446,-0.84,1.42
959,NGC 6838 1037,4529,-0.84,2.01
960,NGC 6838 1041,5020,-0.84,2.26
961,NGC 6838 1009,4766,-0.84,2.14
962,NGC 6838 1039,5020,-0.84,2.26
963,NGC 6838 1034,5114,-0.84,2.35
964,NGC 6838 1053,4659,-0.84,1.74
965,Cl* NGC 6838 KC 169,5083,-0.84,2.22
966,Cl* NGC 6838 AH A2,4679,-0.84,2.21
967,NGC 6838 1077,4090,-0.84,1.82
968,NGC 6838 1078,3981,-0.84,1.69
969,Cl* NGC 6838 AH S,4214,-0.84,1.19
970,Cl* NGC 6838 AH X,3980,-0.84,1.43
971,Cl* NGC 6838 AH I,4190,-0.84,1.3
972,NGC 7789 329,5043,-0.13,2.3
973,NGC 7789 468,4128,-0.13,1.6
974,NGC 7789 342,10968,-0.13,3.85
975,NGC 7789 353,4482,-0.13,2.16
976,NGC 7789 415,3809,-0.13,1.21
977,NGC 7789 461,4085,-0.13,1.68
978,NGC 7789 501,4040,-0.13,1.61
979,NGC 7789 575,4515,-0.13,2.05
980,NGC 7789 637,4812,-0.13,2.37
981,NGC 7789 765,4333,-0.13,1.91
982,NGC 7789 859,4579,-0.13,2.26
983,NGC 7789 875,4861,-0.13,2.56
984,NGC 7789 897,4918,-0.13,2.5
985,NGC 7789 971,3737,-0.13,1.2
