star,T_eff,log_g,metallicity
HD100889.fits,10563.0,3.83,-0.27
HD102212.fits,3738.0,1.55,-0.41
HD102224.fits,4462.0,2.05,-0.38
HD102328.fits,4389.0,2.59,0.30
HD102870.fits,6071.0,4.05,0.13
HD103047.fits,5000.0,3.38,0.06
HD010307.fits,5881.0,4.29,0.03
HD103287.fits,9361.0,3.85,-0.44
HD010476.fits,5229.0,4.58,0.02
HD104783.fits,5103.0,2.63,-0.68
HD010486.fits,4896.0,3.39,0.36
HD104979.fits,4818.0,1.98,-0.58
HD104985.fits,4713.0,2.47,-0.33
HD105043.fits,4399.0,2.43,-0.22
HD105262.fits,8855.0,1.82,-1.61
HD105546.fits,5106.0,2.30,-1.48
HD105755.fits,5788.0,4.08,-0.66
HD105944.fits,4995.0,2.39,-0.70
HD106365.fits,4630.0,2.71,-0.01
HD106516.fits,6173.0,4.31,-0.73
HD106591.fits,8564.0,3.83,-0.35
HD106714.fits,4928.0,2.56,-0.22
HD010700.fits,5394.0,4.56,-0.47
HD107113.fits,6456.0,4.19,-0.45
HD107213.fits,6170.0,3.96,0.20
HD107383.fits,4806.0,2.44,-0.36
HD107418.fits,4753.0,2.77,-0.03
HD010761.fits,4997.0,2.54,-0.06
HD107752.fits,4868.0,1.90,-2.47
HD010780.fits,5417.0,4.63,0.11
HD107950.fits,5176.0,2.48,-0.02
HD108225.fits,5060.0,2.85,0.08
HD108317.fits,5114.0,2.46,-2.27
HD108510.fits,6008.0,4.37,0.01
HD108954.fits,6028.0,4.35,-0.12
HD109317.fits,4862.0,2.61,-0.08
HD109345.fits,4772.0,2.55,-0.09
HD109358.fits,5879.0,4.34,-0.24
HD109387.fits,15302.0,2.49,-0.65
HD010975.fits,4889.0,2.51,-0.22
HD011007.fits,5971.0,4.08,-0.22
HD110184.fits,4478.0,0.96,-2.25
HD110281.fits,4130.0,0.46,-1.38
HD110679.fits,4994.0,2.51,-0.67
HD110897.fits,5844.0,4.29,-0.57
HD110930.fits,5000.0,2.50,-0.58
HD111335.fits,3875.0,1.47,-0.05
HD111591.fits,4843.0,2.77,-0.19
HD111721.fits,5072.0,2.66,-1.30
HD111765.fits,4346.0,2.16,-0.02
HD111812.fits,5771.0,3.20,0.02
HD112030.fits,4972.0,2.51,-0.48
HD112127.fits,4447.0,2.58,0.30
HD112142.fits,3525.0,1.05,-0.10
HD112300.fits,3445.0,1.05,-0.03
HD113095.fits,4952.0,2.66,-0.09
HD113226.fits,5126.0,2.82,0.13
HD113515.fits,4714.0,2.39,-0.60
HD113847.fits,4560.0,2.31,-0.12
HD113848.fits,6680.0,4.17,-0.22
HD113994.fits,4785.0,2.59,-0.38
HD113996.fits,3998.0,1.90,-0.05
HD114038.fits,4621.0,2.48,0.02
HD114092.fits,4199.0,2.42,0.21
HD114113.fits,4507.0,2.41,-0.10
HD114203.fits,4869.0,2.63,-0.13
HD114256.fits,4834.0,2.66,0.01
HD114287.fits,3992.0,1.90,0.06
HD114330.fits,9550.0,3.85,-0.23
HD114357.fits,4426.0,2.65,0.14
HD114642.fits,6401.0,4.04,-0.12
HD114710.fits,6004.0,4.36,0.03
HD115004.fits,4905.0,2.37,0.09
HD115136.fits,4611.0,2.59,0.03
HD115202.fits,4791.0,3.19,-0.06
HD115383.fits,6024.0,4.26,0.15
HD115444.fits,4874.0,1.91,-2.52
HD115539.fits,4902.0,2.48,-0.43
HD115604.fits,7176.0,3.61,0.54
HD115617.fits,5598.0,4.46,0.01
HD011592.fits,6328.0,4.21,-0.34
HD116292.fits,4955.0,2.68,-0.07
HD011636.fits,8061.0,3.88,0.07
HD116656.fits,9135.0,3.89,-0.03
HD116658.fits,15073.0,3.60,-0.01
HD117176.fits,5502.0,3.89,-0.10
HD117243.fits,5855.0,4.16,0.24
HD011749.fits,4713.0,2.44,-0.21
HD117876.fits,4766.0,2.50,-0.46
HD118055.fits,4380.0,0.78,-1.86
HD118098.fits,8347.0,3.93,-0.26
HD118100.fits,4239.0,4.53,-0.17
HD118266.fits,4746.0,2.76,-0.13
HD119516.fits,5315.0,2.62,-1.84
HD120136.fits,6318.0,4.15,0.20
HD120164.fits,4797.0,2.58,-0.10
HD120315.fits,17291.0,3.86,-0.14
HD120348.fits,4659.0,2.44,-0.17
HD120452.fits,4821.0,2.65,0.01
HD121146.fits,4385.0,2.70,-0.08
HD121370.fits,5998.0,3.82,0.28
HD121560.fits,6133.0,4.27,-0.41
HD122408.fits,8308.0,3.80,-0.27
HD122563.fits,4755.0,1.62,-2.37
HD001227.fits,5068.0,2.81,0.00
HD012303.fits,12230.0,4.19,0.30
HD123299.fits,10307.0,3.90,-0.14
HD012339.fits,5022.0,2.51,-0.06
HD123657.fits,3235.0,0.48,-0.20
HD123934.fits,3680.0,1.30,-0.23
HD123977.fits,4799.0,2.51,-0.24
HD124244.fits,5782.0,4.02,0.07
HD124570.fits,6114.0,3.95,0.10
HD124850.fits,6226.0,3.90,-0.07
HD124897.fits,4310.0,2.02,-0.54
HD012533.fits,4319.0,1.50,0.04
HD125451.fits,6609.0,4.14,-0.07
HD125454.fits,4842.0,2.58,-0.11
HD126141.fits,6677.0,4.17,-0.08
HD126271.fits,4442.0,2.54,-0.01
HD126868.fits,5707.0,3.67,0.01
HD127334.fits,5667.0,4.21,0.23
HD128000.fits,3941.0,1.86,0.05
HD128385.fits,6192.0,4.19,-0.24
HD128750.fits,4617.0,2.50,-0.21
HD128987.fits,5581.0,4.62,0.08
HD129132.fits,6761.0,3.90,0.04
HD012929.fits,4527.0,2.42,-0.19
HD129312.fits,5002.0,2.37,0.02
HD129336.fits,4942.0,2.64,-0.28
HD012953.fits,10766.0,1.65,0.37
HD129956.fits,10252.0,3.86,-0.37
HD129972.fits,4987.0,2.64,-0.02
HD129978.fits,4500.0,2.25,-0.20
HD130025.fits,5226.0,2.82,-0.13
HD130087.fits,5950.0,4.10,0.23
HD130109.fits,9772.0,3.83,-0.41
HD130325.fits,4706.0,2.53,-0.16
HD130948.fits,5993.0,4.41,-0.01
HD131111.fits,4724.0,2.82,-0.27
HD131156.fits,5530.0,4.60,-0.08
HD131507.fits,4162.0,2.10,-0.11
HD131873.fits,4067.0,1.70,-0.13
HD132132.fits,4681.0,2.55,0.08
HD132254.fits,6195.0,4.15,0.05
HD132345.fits,4450.0,2.53,0.36
HD133165.fits,4725.0,2.50,-0.24
HD133208.fits,5049.0,2.35,-0.05
HD134083.fits,6517.0,4.18,-0.03
HD134190.fits,4937.0,2.54,-0.38
HD135148.fits,4361.0,0.72,-1.85
HD013530.fits,4863.0,2.72,-0.57
HD013555.fits,6432.0,4.07,-0.19
HD135742.fits,12946.0,4.12,0.33
HD136064.fits,6124.0,4.02,0.02
HD013611.fits,5101.0,2.34,-0.21
HD136202.fits,6132.0,3.99,0.02
HD136512.fits,4821.0,2.54,-0.27
HD136726.fits,4204.0,1.99,-0.01
HD136729.fits,8247.0,3.93,-0.30
HD137052.fits,6477.0,4.02,-0.04
HD138279.fits,6172.0,4.06,-1.35
HD138716.fits,4779.0,3.14,-0.09
HD139195.fits,4985.0,2.71,-0.11
HD139446.fits,5108.0,2.75,-0.28
HD139641.fits,5000.0,2.94,-0.52
HD013974.fits,5711.0,4.39,-0.42
HD140027.fits,5136.0,2.70,-0.11
HD141003.fits,8538.0,3.75,-0.20
HD141004.fits,5892.0,4.19,-0.01
HD141680.fits,4848.0,2.59,-0.20
HD141714.fits,5317.0,3.24,-0.23
HD142091.fits,4844.0,3.27,0.07
HD014214.fits,5975.0,4.11,0.03
HD142198.fits,4804.0,2.49,-0.27
HD142373.fits,5837.0,3.98,-0.51
HD143107.fits,4397.0,2.09,-0.18
HD143393.fits,4599.0,2.68,-0.07
HD143666.fits,4897.0,2.61,-0.19
HD143761.fits,5799.0,4.19,-0.26
HD145328.fits,4808.0,3.08,-0.07
HD145502.fits,19251.0,3.80,-0.02
HD014625.fits,4836.0,2.84,0.23
HD014626.fits,4630.0,2.73,-0.19
HD146791.fits,4918.0,2.59,-0.13
HD147677.fits,4982.0,2.93,0.11
HD014770.fits,5016.0,2.55,-0.02
HD148387.fits,5066.0,2.78,-0.07
HD148783.fits,3146.0,0.45,-1.00
HD148786.fits,5180.0,2.82,0.20
HD149161.fits,3924.0,1.86,-0.22
HD149630.fits,10294.0,3.99,0.03
HD149661.fits,5301.0,4.64,0.12
HD149757.fits,33262.0,4.09,-0.09
HD150012.fits,6628.0,3.98,0.13
HD150100.fits,10271.0,3.99,-0.33
HD150117.fits,10727.0,3.91,-0.22
HD150449.fits,4773.0,2.67,-0.03
HD150453.fits,6506.0,4.06,-0.28
HD150680.fits,5780.0,3.89,0.09
HD150997.fits,5042.0,2.79,-0.21
HD151431.fits,8346.0,3.78,-0.15
HD151613.fits,6760.0,4.11,-0.21
HD151769.fits,6417.0,3.89,0.13
HD151862.fits,9272.0,3.93,-0.14
HD001522.fits,4530.0,2.25,0.14
HD152569.fits,7303.0,3.87,0.22
HD152614.fits,11651.0,4.03,0.09
HD152815.fits,4941.0,2.62,-0.18
HD015318.fits,10055.0,3.73,-0.43
HD015335.fits,5912.0,4.02,-0.18
HD153597.fits,6304.0,4.29,-0.14
HD153653.fits,7561.0,4.12,-0.11
HD153808.fits,9609.0,3.82,-0.25
HD154278.fits,4718.0,2.61,-0.28
HD154431.fits,7821.0,4.03,-0.11
HD154445.fits,22604.0,3.78,-0.02
HD154543.fits,3576.0,1.27,-0.03
HD154660.fits,7663.0,3.97,-0.18
HD155514.fits,7591.0,3.87,-0.09
HD155763.fits,14064.0,3.79,0.13
HD015596.fits,4853.0,2.85,-0.65
HD157198.fits,9547.0,3.89,-0.28
HD157740.fits,8573.0,3.42,-0.05
HD157741.fits,10999.0,3.88,-0.19
HD157910.fits,5232.0,2.65,-0.09
HD015798.fits,6470.0,4.07,-0.15
HD158148.fits,15545.0,3.81,-0.03
HD158261.fits,9517.0,3.64,-0.10
HD158352.fits,7494.0,3.85,-0.06
HD158414.fits,8276.0,3.81,-0.19
HD158485.fits,8371.0,3.96,-0.23
HD158614.fits,5602.0,4.40,0.06
HD158716.fits,8629.0,3.66,-0.04
HD158899.fits,4155.0,1.76,-0.03
HD159139.fits,9405.0,3.81,-0.55
HD015920.fits,5119.0,2.84,-0.08
HD159332.fits,6264.0,4.00,-0.13
HD160054.fits,7890.0,3.92,-0.05
HD160315.fits,4980.0,2.88,0.10
HD160765.fits,9235.0,3.91,-0.40
HD160933.fits,5869.0,3.92,-0.28
HD161056.fits,21672.0,3.62,0.00
HD161693.fits,9391.0,3.80,-0.40
HD161868.fits,9608.0,3.93,-0.60
HD162570.fits,7511.0,3.87,0.02
HD163588.fits,4483.0,2.65,0.04
HD163624.fits,8422.0,3.77,-0.09
HD163917.fits,4965.0,2.78,0.16
HD163989.fits,6216.0,3.94,-0.04
HD164136.fits,6979.0,3.80,-0.07
HD164259.fits,6764.0,4.09,0.01
HD164284.fits,19706.0,3.69,0.00
HD164353.fits,18738.0,3.03,-0.01
HD016458.fits,4484.0,1.57,-0.53
HD165029.fits,9581.0,3.82,-0.51
HD165341.fits,5232.0,4.57,0.07
HD165358.fits,8948.0,3.94,-0.25
HD165401.fits,5766.0,4.43,-0.44
HD165645.fits,7294.0,3.99,0.02
HD165687.fits,4667.0,2.56,-0.02
HD165760.fits,5029.0,2.69,0.03
HD165908.fits,6013.0,4.19,-0.56
HD166014.fits,10590.0,4.17,-0.06
HD166046.fits,8326.0,3.99,-0.18
HD166207.fits,4806.0,2.67,0.02
HD166208.fits,5084.0,2.71,0.10
HD016673.fits,6219.0,4.29,-0.05
HD167006.fits,3518.0,1.16,-0.14
HD167042.fits,4959.0,3.34,-0.01
HD167588.fits,5945.0,4.02,-0.32
HD167771.fits,37002.0,3.59,0.12
HD168009.fits,5797.0,4.26,0.00
HD168092.fits,7014.0,4.07,-0.12
HD168151.fits,6450.0,4.18,-0.34
HD168199.fits,16479.0,3.80,-0.04
HD168270.fits,10699.0,3.97,-0.07
HD168656.fits,5062.0,2.71,-0.11
HD168720.fits,3789.0,1.56,0.00
HD168723.fits,4927.0,3.01,-0.26
HD016895.fits,6247.0,4.21,-0.04
HD169191.fits,4377.0,2.15,-0.18
HD169305.fits,3641.0,1.12,-0.08
HD169414.fits,4475.0,2.62,-0.11
HD169578.fits,11551.0,4.07,0.07
HD170693.fits,4446.0,2.22,-0.42
HD017081.fits,12678.0,4.12,0.24
HD171301.fits,11752.0,4.08,0.05
HD171391.fits,5096.0,2.85,-0.03
HD171406.fits,15278.0,3.77,-0.05
HD172365.fits,5992.0,1.37,0.12
HD172569.fits,7317.0,4.02,0.10
HD172816.fits,3155.0,0.14,-0.44
HD172958.fits,11251.0,3.96,-0.05
HD173087.fits,16182.0,3.76,-0.07
HD173399.fits,5082.0,3.15,-0.26
HD173495.fits,9218.0,3.84,-0.37
HD017361.fits,4670.0,2.64,0.05
HD173936.fits,14524.0,3.81,-0.04
HD017463.fits,6919.0,3.16,0.31
HD017506.fits,4200.0,1.03,0.08
HD175306.fits,4470.0,1.92,-0.48
HD175317.fits,6479.0,4.09,0.01
HD175426.fits,17997.0,3.81,-0.05
HD175535.fits,5143.0,2.74,-0.03
HD175545.fits,4511.0,2.92,0.11
HD175588.fits,3333.0,0.48,-0.04
HD175640.fits,11515.0,4.02,0.18
HD175743.fits,4708.0,2.64,0.03
HD175751.fits,4749.0,2.66,0.02
HD176301.fits,14428.0,3.75,0.14
HD176318.fits,13657.0,3.70,0.12
HD176582.fits,16308.0,3.61,0.10
HD176819.fits,20461.0,3.80,-0.05
HD177178.fits,7854.0,3.99,-0.15
HD177196.fits,7801.0,3.97,-0.11
HD177249.fits,5238.0,2.48,-0.03
HD177724.fits,9975.0,3.85,-0.52
HD177817.fits,12786.0,4.14,0.16
HD178125.fits,12287.0,4.18,0.13
HD178187.fits,8176.0,3.77,-0.03
HD178266.fits,4381.0,2.68,0.10
HD178329.fits,17571.0,3.78,-0.05
HD178717.fits,4071.0,1.13,-0.13
HD017925.fits,5174.0,4.63,0.16
HD179588.fits,11165.0,4.05,0.00
HD180006.fits,4996.0,2.73,0.17
HD180028.fits,6287.0,1.65,0.14
HD180554.fits,16787.0,3.74,0.00
HD180711.fits,4872.0,2.61,-0.17
HD182293.fits,4445.0,2.89,0.01
HD182490.fits,8548.0,3.69,0.05
HD182568.fits,18634.0,3.72,0.00
HD182761.fits,9806.0,3.83,-0.44
HD018296.fits,12326.0,4.02,0.90
HD183085.fits,7138.0,3.93,-0.11
HD183144.fits,16482.0,3.77,0.06
HD018322.fits,4642.0,2.58,-0.12
HD018449.fits,4403.0,2.21,-0.12
HD018474.fits,5038.0,2.59,-0.28
HD184875.fits,8933.0,4.06,-0.24
HD184915.fits,25817.0,3.40,-0.16
HD184930.fits,14431.0,3.72,0.09
HD185423.fits,19169.0,3.52,0.05
HD185657.fits,4887.0,2.66,-0.16
HD186307.fits,7962.0,4.12,-0.20
HD186377.fits,8677.0,2.71,-0.20
HD186408.fits,5750.0,4.04,0.04
HD187340.fits,8579.0,3.25,-0.05
HD187428.fits,5904.0,2.13,0.05
HD018768.fits,5805.0,3.89,-0.54
HD018778.fits,7763.0,3.89,0.06
HD187961.fits,11710.0,2.37,-0.11
HD187983.fits,10092.0,1.66,0.19
HD188119.fits,4939.0,2.43,-0.48
HD188350.fits,10115.0,3.88,-0.23
HD189558.fits,5702.0,3.87,-1.08
HD189944.fits,15639.0,3.69,0.03
HD190004.fits,6944.0,3.80,0.27
HD190172.fits,7032.0,4.04,0.05
HD190390.fits,6786.0,3.93,-0.63
HD190993.fits,17316.0,3.85,-0.14
HD191243.fits,16697.0,2.86,-0.02
HD191372.fits,3566.0,1.02,-0.02
HD191610.fits,19332.0,3.25,-0.09
HD191615.fits,4764.0,2.54,-0.35
HD191639.fits,20368.0,2.82,-0.39
HD192276.fits,12601.0,4.08,0.14
HD192425.fits,8804.0,4.07,-0.48
HD192685.fits,18754.0,3.49,-0.10
HD193322.fits,35940.0,3.85,0.06
HD193432.fits,10069.0,3.82,-0.15
HD193536.fits,19796.0,3.72,0.02
HD193621.fits,9587.0,2.94,-0.52
HD019476.fits,4978.0,2.97,0.14
HD195324.fits,9997.0,1.89,-0.06
HD195633.fits,6102.0,4.10,-0.55
HD195725.fits,7702.0,3.66,0.27
HD195810.fits,14355.0,3.71,0.08
HD019656.fits,4684.0,2.33,-0.05
HD196867.fits,10705.0,4.05,-0.06
HD197812.fits,3119.0,0.32,-1.00
HD019787.fits,4869.0,2.79,0.10
HD197939.fits,3438.0,0.77,-0.05
HD198001.fits,9320.0,3.81,-0.31
HD198183.fits,15629.0,3.81,-0.05
HD198390.fits,6424.0,4.18,-0.32
HD199081.fits,15703.0,3.80,-0.11
HD199253.fits,4669.0,2.21,-0.14
HD199478.fits,15983.0,2.48,-0.14
HD199870.fits,4988.0,2.96,0.13
HD019994.fits,6081.0,4.05,0.15
HD201626.fits,4818.0,1.88,-1.71
HD201889.fits,5711.0,4.23,-0.73
HD202259.fits,3748.0,1.39,-0.10
HD202573.fits,4929.0,2.40,-0.64
HD202904.fits,16758.0,2.90,-0.36
HD203525.fits,3951.0,1.74,-0.10
HD204306.fits,6050.0,4.12,-0.58
HD204363.fits,6220.0,4.29,-0.34
HD204543.fits,4612.0,1.20,-1.93
HD204613.fits,5734.0,3.85,-0.35
HD020468.fits,4387.0,1.39,0.04
HD205021.fits,24636.0,3.64,-0.01
HD205637.fits,19106.0,3.07,-0.08
HD206165.fits,20569.0,2.93,-0.28
HD206632.fits,3197.0,0.33,-0.30
HD208110.fits,5011.0,2.25,-1.09
HD208906.fits,6035.0,4.30,-0.72
HD020893.fits,4379.0,2.29,0.09
HD208947.fits,19417.0,3.83,-0.04
HD020902.fits,6490.0,1.74,0.14
HD209409.fits,12221.0,2.62,-0.16
HD210295.fits,4877.0,2.20,-1.29
HD210752.fits,5943.0,4.29,-0.63
HD211391.fits,5021.0,2.77,0.15
HD212571.fits,23278.0,3.53,-0.02
HD214567.fits,4987.0,2.63,-0.26
HD214923.fits,11597.0,3.93,0.06
HD215721.fits,4907.0,2.49,-0.46
HD216143.fits,4606.0,1.21,-2.09
HD216219.fits,5755.0,3.29,-0.28
HD217675.fits,14491.0,2.95,0.03
HD218029.fits,4437.0,2.34,0.18
HD218031.fits,4758.0,2.50,-0.16
HD218101.fits,5220.0,3.76,0.10
HD218502.fits,6137.0,4.05,-1.85
HD218504.fits,5965.0,4.21,-0.58
HD220117.fits,6428.0,4.02,0.03
HD022049.fits,5119.0,4.71,0.00
HD220825.fits,10375.0,3.78,0.74
HD221115.fits,5045.0,2.83,0.06
HD221170.fits,4582.0,1.21,-2.03
HD222107.fits,4679.0,2.86,-0.48
HD022211.fits,6018.0,3.42,0.20
HD222368.fits,6200.0,4.12,-0.12
HD222404.fits,4782.0,3.25,0.08
HD222439.fits,10733.0,3.87,-0.32
HD222574.fits,5536.0,1.69,0.03
HD223047.fits,5015.0,1.32,0.04
HD223165.fits,4728.0,2.50,0.06
HD223252.fits,5034.0,2.76,-0.05
HD223385.fits,10142.0,1.41,0.46
HD224533.fits,5054.0,2.78,-0.04
HD022484.fits,5999.0,4.09,-0.08
HD224926.fits,13068.0,4.13,0.37
HD224930.fits,5427.0,4.34,-0.80
HD225132.fits,10797.0,4.24,0.00
HD225212.fits,4183.0,0.81,0.22
HD225239.fits,5652.0,3.84,-0.47
HD023183.fits,4866.0,2.51,-0.28
HD232078.fits,4028.0,0.53,-1.21
HD023249.fits,5053.0,3.79,0.09
HD237903.fits,4068.0,4.71,-0.35
HD023841.fits,4338.0,2.23,-0.56
HD024421.fits,6117.0,4.17,-0.35
HD002454.fits,6492.0,4.12,-0.29
HD025173.fits,6018.0,4.07,-0.55
HD025329.fits,4840.0,4.85,-1.68
HD025457.fits,6228.0,4.29,0.04
HD025604.fits,4795.0,2.65,0.06
HD025621.fits,6251.0,3.98,0.05
HD025975.fits,4986.0,3.47,0.05
HD002628.fits,7305.0,3.98,-0.07
HD002665.fits,4942.0,2.12,-2.03
HD026965.fits,5108.0,4.49,-0.29
HD027022.fits,5321.0,2.91,-0.05
HD027295.fits,11956.0,3.92,-0.95
HD027348.fits,5045.0,2.88,0.04
HD027371.fits,5016.0,2.84,0.15
HD027382.fits,4501.0,2.28,-0.36
HD027697.fits,5023.0,2.83,0.15
HD027971.fits,4979.0,2.90,0.10
HD028099.fits,5815.0,4.47,0.21
HD028100.fits,4986.0,2.38,-0.17
HD028292.fits,4557.0,2.66,-0.09
HD028305.fits,4978.0,2.77,0.20
HD028307.fits,5078.0,2.97,0.18
HD002857.fits,7776.0,3.19,-1.70
HD028978.fits,8910.0,3.13,-0.26
HD029139.fits,3863.0,1.73,-0.04
HD002952.fits,4800.0,2.61,-0.09
HD029574.fits,4306.0,0.58,-1.90
HD029613.fits,4682.0,2.78,-0.24
HD029645.fits,5989.0,4.03,0.11
HD029763.fits,10073.0,2.60,-0.51
HD030562.fits,5839.0,4.03,0.20
HD030614.fits,32591.0,3.17,-0.10
HD030652.fits,6419.0,4.20,-0.02
HD030739.fits,9457.0,4.00,-0.20
HD030743.fits,6372.0,4.18,-0.41
HD030812.fits,4746.0,2.58,-0.08
HD030834.fits,4223.0,1.63,-0.27
HD031295.fits,8817.0,4.20,-0.82
HD031421.fits,4498.0,2.36,-0.25
HD032147.fits,4617.0,4.53,0.17
HD003268.fits,6225.0,4.11,-0.16
HD032923.fits,5674.0,4.00,-0.22
HD033111.fits,8002.0,3.78,-0.20
HD033256.fits,6406.0,4.13,-0.28
HD033276.fits,7188.0,3.75,0.21
HD003360.fits,21652.0,3.87,-0.08
HD033751.fits,4936.0,2.85,0.12
HD033904.fits,12088.0,4.06,0.28
HD034334.fits,4214.0,2.15,-0.43
HD003454.fits,6186.0,4.30,-0.56
HD034816.fits,29190.0,3.91,-0.06
HD035468.fits,22339.0,3.84,-0.07
HD003546.fits,4979.0,2.46,-0.64
HD035497.fits,14226.0,3.57,0.20
HD035620.fits,4206.0,1.97,0.15
HD000358.fits,12307.0,4.14,0.38
HD036130.fits,5925.0,4.21,0.10
HD036389.fits,3716.0,0.11,0.16
HD036673.fits,7603.0,2.05,0.08
HD036861.fits,37689.0,3.90,0.03
HD037088.fits,5790.0,4.26,0.13
HD037160.fits,4815.0,2.77,-0.57
HD037216.fits,5468.0,4.63,0.03
HD037828.fits,4442.0,1.14,-1.49
HD037984.fits,4480.0,2.24,-0.45
HD037986.fits,5502.0,4.28,0.33
HD003817.fits,5101.0,2.64,-0.15
HD038656.fits,4953.0,2.60,-0.19
HD038674.fits,4069.0,1.85,-0.47
HD038899.fits,10385.0,3.89,-0.16
HD039003.fits,4678.0,2.36,-0.02
HD039283.fits,8856.0,4.13,-0.36
HD039587.fits,5942.0,4.43,-0.04
HD039801.fits,3626.0,0.13,0.09
HD039833.fits,5855.0,4.41,0.15
HD039853.fits,3872.0,1.61,-0.46
HD039866.fits,9427.0,2.15,-0.34
HD040035.fits,4859.0,2.59,-0.07
HD000400.fits,6215.0,4.18,-0.24
HD040111.fits,25771.0,3.27,-0.06
HD040136.fits,6997.0,4.08,-0.05
HD040183.fits,8774.0,3.55,-0.11
HD040239.fits,3388.0,0.55,0.03
HD040460.fits,4804.0,2.53,-0.25
HD040536.fits,7836.0,3.69,0.38
HD040801.fits,4812.0,2.95,-0.25
HD041117.fits,23210.0,2.85,-0.38
HD004128.fits,4906.0,2.63,0.07
HD041330.fits,5873.0,4.18,-0.20
HD041597.fits,4644.0,2.08,-0.51
HD041636.fits,4714.0,2.55,-0.28
HD041640.fits,6093.0,4.28,-0.58
HD041692.fits,16566.0,3.64,0.08
HD004188.fits,4859.0,2.66,-0.04
HD042475.fits,3874.0,0.12,0.18
HD042543.fits,3666.0,0.20,0.14
HD043039.fits,4783.0,2.44,-0.31
HD043042.fits,6459.0,4.16,0.01
HD004306.fits,4915.0,2.01,-2.55
HD004307.fits,5803.0,4.01,-0.26
HD043232.fits,4375.0,1.61,-0.15
HD043247.fits,12600.0,2.95,-0.02
HD043318.fits,6252.0,3.99,-0.13
HD043380.fits,4557.0,2.57,-0.01
HD043827.fits,4400.0,2.03,-0.09
HD043947.fits,5982.0,4.29,-0.30
HD004395.fits,5448.0,3.39,-0.28
HD044007.fits,4971.0,2.28,-1.57
HD044033.fits,3796.0,1.57,0.01
HD044478.fits,3460.0,0.82,-0.03
HD044537.fits,3984.0,0.31,0.20
HD044769.fits,7717.0,3.84,-0.11
HD044951.fits,4384.0,2.14,-0.30
HD045282.fits,5232.0,3.03,-1.50
HD045410.fits,4964.0,3.17,-0.18
HD045412.fits,5987.0,1.88,0.13
HD045674.fits,7630.0,2.05,0.16
HD004614.fits,5928.0,4.33,-0.28
HD046184.fits,4375.0,2.25,0.06
HD046317.fits,6307.0,4.21,-0.24
HD046480.fits,4917.0,3.13,-0.53
HD046588.fits,6162.0,4.25,-0.13
HD047105.fits,9231.0,3.21,-0.28
HD047205.fits,4766.0,3.20,0.18
HD004727.fits,15989.0,3.80,-0.05
HD047731.fits,5151.0,1.32,-0.06
HD047839.fits,40175.0,3.93,0.04
HD004813.fits,6197.0,4.29,-0.13
HD048329.fits,4662.0,0.88,0.15
HD048432.fits,4901.0,2.84,-0.16
HD048433.fits,4531.0,2.13,-0.17
HD048682.fits,6051.0,4.22,0.07
HD048737.fits,6544.0,3.91,0.15
HD048781.fits,4691.0,2.31,-0.07
HD049178.fits,5727.0,4.40,0.07
HD049520.fits,4406.0,2.21,0.01
HD049732.fits,6361.0,4.21,-0.62
HD005015.fits,6070.0,4.06,0.04
HD050420.fits,7275.0,3.70,0.12
HD050692.fits,5887.0,4.29,-0.20
HD051309.fits,19990.0,3.09,-0.04
HD051440.fits,4325.0,1.85,-0.56
HD051530.fits,6094.0,3.96,-0.38
HD005234.fits,4457.0,2.18,-0.08
HD052711.fits,5898.0,4.34,-0.13
HD005286.fits,4844.0,3.47,0.15
HD005395.fits,4890.0,2.51,-0.41
HD054322.fits,5841.0,4.44,0.13
HD054662.fits,42421.0,4.04,0.00
HD054717.fits,6442.0,4.25,-0.42
HD054719.fits,4441.0,2.17,0.16
HD054810.fits,4758.0,2.63,-0.31
HD005516.fits,5039.0,2.88,0.05
HD055280.fits,4692.0,2.82,0.05
HD055575.fits,5868.0,4.25,-0.37
HD056986.fits,7024.0,4.04,-0.17
HD057264.fits,4627.0,2.46,-0.38
HD005750.fits,6330.0,4.21,-0.42
HD057651.fits,3418.0,0.85,-0.07
HD057669.fits,4658.0,1.88,0.13
HD057727.fits,5067.0,3.00,-0.09
HD058207.fits,4831.0,2.58,-0.11
HD058343.fits,18173.0,3.66,0.01
HD058526.fits,5515.0,1.19,0.00
HD058551.fits,6220.0,4.23,-0.50
HD058855.fits,6310.0,4.18,-0.29
HD058946.fits,6991.0,4.11,-0.25
HD059380.fits,6326.0,4.22,-0.15
HD059881.fits,7538.0,3.57,0.16
HD059984.fits,5934.0,4.01,-0.72
HD060179.fits,9340.0,3.79,-0.06
HD061064.fits,6625.0,3.64,0.26
HD061295.fits,7079.0,3.66,0.32
HD006186.fits,4878.0,2.43,-0.35
HD061935.fits,4841.0,2.61,-0.04
HD006203.fits,4570.0,2.31,-0.34
HD062301.fits,5940.0,4.16,-0.65
HD062509.fits,4893.0,2.89,0.05
HD063302.fits,4304.0,0.24,0.12
HD063333.fits,6157.0,4.22,-0.36
HD063352.fits,4179.0,1.92,-0.47
HD063410.fits,4896.0,2.53,-0.37
HD063791.fits,4838.0,1.90,-1.59
HD064238.fits,7166.0,3.16,0.31
HD006461.fits,5106.0,2.45,-0.88
HD006482.fits,4790.0,2.79,-0.09
HD065714.fits,4966.0,2.51,0.12
HD006582.fits,5397.0,4.53,-0.79
HD065900.fits,9228.0,3.34,-0.17
HD067228.fits,5810.0,3.92,0.14
HD006763.fits,6972.0,4.10,-0.11
HD006805.fits,4576.0,2.62,0.10
HD006834.fits,6416.0,4.23,-0.61
HD006840.fits,6004.0,4.01,-0.33
HD006920.fits,5944.0,3.71,-0.04
HD000693.fits,6221.0,4.14,-0.34
HD069897.fits,6261.0,4.19,-0.28
HD070110.fits,5909.0,3.95,0.09
HD007087.fits,4918.0,2.34,-0.10
HD071369.fits,5215.0,2.52,-0.13
HD071597.fits,4449.0,2.54,-0.23
HD072660.fits,9226.0,3.30,-0.14
HD072968.fits,10651.0,3.63,0.77
HD074280.fits,17816.0,3.73,0.01
HD074395.fits,5481.0,1.44,0.04
HD007439.fits,6422.0,4.15,-0.29
HD075333.fits,11722.0,4.08,0.22
HD075732.fits,5290.0,4.43,0.43
HD076151.fits,5793.0,4.47,0.13
HD076291.fits,4583.0,2.77,-0.10
HD076294.fits,4917.0,2.46,-0.11
HD076813.fits,5074.0,2.71,-0.09
HD076932.fits,5843.0,4.08,-0.90
HD076943.fits,6511.0,4.19,0.14
HD077350.fits,10037.0,3.35,-0.20
HD077601.fits,6578.0,3.14,0.42
HD077818.fits,4726.0,3.13,-0.23
HD077912.fits,5015.0,1.75,-0.05
HD078209.fits,7508.0,3.77,0.54
HD078249.fits,4868.0,3.45,0.05
HD078316.fits,12460.0,4.21,0.51
HD078362.fits,7289.0,3.76,0.71
HD078418.fits,5741.0,4.22,0.08
HD078479.fits,4486.0,2.60,0.22
HD078558.fits,5700.0,4.20,-0.45
HD078712.fits,3101.0,0.23,-1.00
HD079028.fits,5972.0,3.93,0.05
HD079158.fits,12305.0,4.11,0.73
HD079452.fits,5029.0,2.43,-0.77
HD079469.fits,10099.0,3.80,-0.42
HD080493.fits,3899.0,1.63,-0.11
HD080499.fits,5065.0,2.48,-0.13
HD080586.fits,5084.0,2.87,0.01
HD081146.fits,4394.0,2.44,-0.05
HD081192.fits,4822.0,2.69,-0.70
HD081797.fits,4176.0,1.67,0.06
HD081937.fits,7097.0,3.87,0.17
HD008207.fits,4757.0,2.66,0.13
HD082210.fits,5343.0,3.49,-0.21
HD082328.fits,6333.0,3.97,-0.14
HD082395.fits,4807.0,2.61,-0.08
HD082741.fits,4856.0,2.51,-0.21
HD083506.fits,4951.0,2.45,0.15
HD083618.fits,4270.0,1.96,-0.12
HD083805.fits,5047.0,2.76,0.02
HD084441.fits,5392.0,2.11,-0.08
HD084453.fits,4929.0,3.19,-0.10
HD084737.fits,5860.0,4.02,0.10
HD084748.fits,3070.0,0.78,-1.00
HD008491.fits,4802.0,2.70,0.05
HD008512.fits,4729.0,2.58,-0.12
HD085235.fits,8662.0,3.71,-0.23
HD085444.fits,5090.0,2.68,0.00
HD085503.fits,4453.0,2.61,0.30
HD086322.fits,4792.0,2.58,-0.12
HD086728.fits,5745.0,4.27,0.23
HD086986.fits,7863.0,3.13,-1.83
HD008705.fits,4333.0,2.36,-0.23
HD087141.fits,6312.0,3.90,0.04
HD087646.fits,5866.0,4.27,0.26
HD087737.fits,10637.0,2.07,-0.07
HD087822.fits,6486.0,4.06,0.06
HD087901.fits,12862.0,4.05,0.21
HD088284.fits,4940.0,2.94,0.22
HD088355.fits,6392.0,4.09,0.01
HD088609.fits,4749.0,1.63,-2.48
HD000886.fits,21397.0,3.84,-0.06
HD088737.fits,6103.0,3.88,0.19
HD088983.fits,7957.0,3.87,-0.20
HD088986.fits,5787.0,4.06,0.02
HD089010.fits,5717.0,3.90,0.02
HD089025.fits,7153.0,3.59,0.19
HD089125.fits,6159.0,4.25,-0.37
HD089254.fits,7122.0,3.79,0.36
HD089449.fits,6426.0,4.10,0.06
HD089484.fits,4566.0,1.98,-0.48
HD008949.fits,4700.0,2.67,0.13
HD089707.fits,5959.0,4.30,-0.46
HD089744.fits,6155.0,3.95,0.15
HD089822.fits,10286.0,3.96,0.13
HD090250.fits,4726.0,2.61,-0.01
HD090277.fits,7292.0,3.82,0.19
HD090508.fits,5790.0,4.33,-0.33
HD009057.fits,4967.0,2.74,0.06
HD091190.fits,5039.0,2.78,0.00
HD091752.fits,6524.0,4.11,-0.15
HD091889.fits,6111.0,4.15,-0.24
HD092125.fits,5433.0,1.88,0.01
HD092588.fits,5116.0,3.67,-0.03
HD009270.fits,5006.0,2.26,-0.06
HD092769.fits,7902.0,3.98,-0.20
HD093487.fits,5120.0,2.31,-1.20
HD093813.fits,4371.0,2.13,-0.18
HD009408.fits,4844.0,2.51,-0.30
HD094247.fits,4233.0,1.86,-0.19
HD094264.fits,4731.0,2.82,-0.12
HD094363.fits,5036.0,3.11,-0.21
HD094600.fits,4634.0,2.52,-0.16
HD094601.fits,9429.0,3.87,-0.30
HD094669.fits,4562.0,2.64,-0.13
HD095128.fits,5855.0,4.24,0.00
HD095241.fits,5899.0,3.83,-0.28
HD095272.fits,4712.0,2.51,-0.06
HD095345.fits,4559.0,2.17,-0.15
HD009562.fits,5819.0,3.91,0.17
HD095849.fits,4501.0,2.40,0.17
HD096436.fits,4792.0,2.85,-0.46
HD096833.fits,4621.0,2.33,-0.02
HD097603.fits,8141.0,3.84,-0.18
HD097907.fits,4368.0,2.21,-0.05
HD009826.fits,6151.0,4.10,0.08
HD098430.fits,4610.0,2.09,-0.44
HD009856.fits,4426.0,2.08,-0.11
HD098824.fits,4776.0,2.61,0.01
HD098991.fits,6600.0,3.93,-0.02
HD009927.fits,4371.0,2.29,0.12
HD099747.fits,6667.0,4.19,-0.48
BD+01_2916.fits,4312.0,0.66,-1.91
BD+04_4551.fits,5986.0,4.16,-1.28
BD+11_2998.fits,5334.0,2.61,-1.21
BD+18_2976.fits,4753.0,1.58,-2.17
BD+25_2479.fits,5458.0,4.33,0.40
BD+25_2497.fits,4941.0,2.49,-0.65
BD+27_2096.fits,5572.0,3.89,0.41
BD+27_2126.fits,4721.0,2.57,-0.06
BD+28_2079.fits,4812.0,2.36,-0.50
BD+29_2294.fits,4983.0,2.47,-0.70
BD+30_2931.fits,4427.0,2.27,-0.21
BD+31_2356.fits,5843.0,3.96,0.24
BD+36_2303.fits,4649.0,1.75,-0.92
BD+37_2319.fits,5707.0,4.05,0.31
BD+39_2554.fits,5595.0,3.88,0.25
BD+45_1668.fits,8693.0,4.72,-0.48
G_101-29.fits,5374.0,3.26,-2.01
G_103-55.fits,5567.0,4.34,-0.36
G_103-68.fits,3477.0,4.76,-1.08
G_107-27.fits,4197.0,4.67,-0.17
G_108-29.fits,5752.0,4.31,-0.39
G_108-43.fits,5805.0,4.23,-0.59
G_112-54.fits,5317.0,4.53,-0.78
G_11-45.fits,5668.0,4.34,0.15
G_12-24.fits,5648.0,4.29,-0.15
G_122-66.fits,4955.0,3.37,-0.53
G_123-29.fits,5745.0,4.28,-0.83
G_125-4.fits,5196.0,3.82,-0.26
G_126-62.fits,6055.0,4.09,-1.44
G_140-5.fits,6035.0,3.94,-2.09
G_144-6.fits,5974.0,4.19,-1.11
G_149-25.fits,5601.0,4.53,-0.33
G_15-20.fits,4884.0,4.56,0.25
G_165-11.fits,5800.0,4.12,-0.57
G_165-39.fits,6160.0,3.98,-2.03
G_166-45.fits,6060.0,3.93,-2.16
G_170-47.fits,5070.0,2.35,-2.48
G_175-33.fits,5731.0,4.15,0.30
G_182-19.fits,5795.0,4.25,-0.54
G_193-33.fits,5814.0,4.12,-0.52
G_197-56.fits,5620.0,4.42,-0.71
G_200-36.fits,5511.0,4.43,0.18
G_205-5.fits,4973.0,4.56,-0.20
G_207-5.fits,5904.0,4.32,-0.50
G_227-46.fits,3481.0,4.78,-1.01
G_22-7.fits,5534.0,4.30,0.31
G_237-84.fits,5572.0,4.52,-0.45
G_241-18.fits,5631.0,4.39,-0.51
G_244-59.fits,5538.0,4.44,-0.50
G_249-49.fits,5875.0,4.11,-0.83
G_250-22.fits,4257.0,4.68,-0.16
G_25-15.fits,5887.0,4.32,-0.58
G_25-29.fits,5802.0,4.12,-0.65
G_257-32.fits,3600.0,4.59,-0.84
G_270-23.fits,6161.0,4.12,-1.09
G_36-33.fits,5344.0,4.64,0.14
G_40-34.fits,6570.0,4.24,-1.39
G_4-44.fits,5846.0,4.23,-0.66
G_44-6.fits,5675.0,4.34,-0.64
G_48-29.fits,6227.0,3.92,-2.25
G_5-40.fits,5893.0,4.19,-0.81
G_58-25.fits,5930.0,4.13,-1.39
G_58-30.fits,5902.0,4.30,0.13
G_60-6.fits,5046.0,4.60,0.10
G_63-9.fits,5897.0,4.19,-0.71
G_65-16.fits,5694.0,4.30,-0.42
G_74-5.fits,5699.0,4.33,-0.95
G_7-6.fits,5746.0,4.12,0.17
G_78-14.fits,5286.0,4.57,-0.40
G_80-15.fits,5798.0,4.18,-0.89
G_81-38.fits,5786.0,4.25,-0.51
G_82-12.fits,5660.0,4.13,-0.26
G_84-29.fits,6189.0,3.88,-2.25
G_84-37.fits,5895.0,4.19,-1.06
G_88-40.fits,5932.0,4.14,-0.84
G_89-11.fits,5131.0,4.47,0.16
G_96-20.fits,6284.0,4.26,-0.90
